First 30 Sorted of 'age'
41487    18
42274    18
42954    18
44644    18
42146    18
40744    18
41273    18
41252    18
40736    18
41222    18
43637    18
40887    18
31432    19
41057    19
30791    19
31492    19
33789    19
32169    19
41446    19
41402    19
44211    19
33774    19
44493    19
43680    19
40927    19
31041    19
45170    19
44110    19
42705    19
41500    19
Name: age, dtype: int64
==================================================
Last 30 Sorted of 'age'
34128    85
31130    85
42619    85
41291    86
32105    86
41470    86
42460    86
43315    86
43394    86
43332    86
45010    86
44173    86
42081    87
41923    87
42635    87
42494    87
44669    88
44794    88
44892    89
41162    89
42574    89
43194    90
31069    90
42727    92
41934    92
44262    93
44420    93
31233    94
33699    95
41663    95
Name: age, dtype: int64
==================================================
First 30 Sorted of 'balance'
12909   -8019
15682   -6847
38736   -4057
7413    -3372
1896    -3313
32713   -3058
18573   -2827
31509   -2712
25119   -2604
14434   -2282
25240   -2122
13687   -2093
17159   -2082
7756    -2049
20317   -1980
11655   -1968
13708   -1965
35392   -1944
10624   -1941
15631   -1884
35020   -1884
25241   -1882
20551   -1854
15181   -1818
19583   -1781
11283   -1779
11746   -1746
18530   -1737
39175   -1730
6468    -1725
Name: balance, dtype: int64
==================================================
Last 30 Sorted of 'balance'
39721     39098
41662     39385
27090     41242
21346     41630
19410     41923
19795     42045
22765     43074
27049     44128
29512     44134
9425      45141
446       45248
15869     45789
13154     51439
9536      52499
22091     52527
40763     52587
43053     52587
3197      56831
27390     57435
920       58544
12926     58932
41374     59649
19420     64343
21192     66653
19785     66721
41693     71188
42558     81204
43393     81204
26227     98417
39989    102127
Name: balance, dtype: int64
==================================================
First 30 Sorted of 'day'
43394    1
44627    1
44626    1
44625    1
44624    1
44623    1
44622    1
44621    1
44620    1
44619    1
44628    1
41373    1
41375    1
41376    1
41377    1
41378    1
41379    1
41380    1
41381    1
41382    1
41383    1
41374    1
41384    1
44629    1
44631    1
44917    1
44916    1
40403    1
43395    1
44647    1
Name: day, dtype: int64
==================================================
Last 30 Sorted of 'day'
18590    31
18589    31
18595    31
18588    31
18586    31
18585    31
18584    31
18583    31
18582    31
18581    31
18587    31
18778    31
18596    31
18598    31
18612    31
18611    31
18610    31
18609    31
18608    31
18607    31
18597    31
18606    31
18604    31
18603    31
18602    31
18601    31
18600    31
18599    31
18605    31
18532    31
Name: day, dtype: int64
==================================================
First 30 Sorted of 'campaign'
0        1
27797    1
27796    1
27794    1
27793    1
27792    1
27791    1
27790    1
27789    1
27788    1
27799    1
27786    1
27784    1
27783    1
27782    1
27781    1
27780    1
27779    1
27778    1
27777    1
27776    1
27785    1
27800    1
27801    1
27802    1
27824    1
27823    1
27822    1
27821    1
27820    1
Name: campaign, dtype: int64
==================================================
Last 30 Sorted of 'campaign'
18788    34
18615    34
18394    34
18749    35
17739    35
23559    35
13311    35
18696    36
18675    36
18513    36
18603    36
9964     37
11884    37
23062    38
18704    38
5721     38
18616    39
11301    41
4334     41
4275     43
13675    43
18660    43
18744    44
10697    46
5459     50
18713    50
4299     51
5073     55
11914    58
4330     63
Name: campaign, dtype: int64
==================================================
First 30 Sorted of 'pdays'
0        0
24809    0
24810    0
24811    0
24812    0
24813    0
24814    0
24808    0
24815    0
24817    0
24818    0
24819    0
24820    0
24821    0
24822    0
24816    0
24823    0
24807    0
24805    0
24785    0
24788    0
24789    0
24790    0
24791    0
24792    0
24806    0
24793    0
24796    0
24797    0
24798    0
Name: pdays, dtype: int64
==================================================
Last 30 Sorted of 'pdays'
44052    745
44754    749
44038    756
44667    760
44570    761
44798    769
44840    771
44965    772
44974    774
44604    775
44089    776
44822    778
44832    779
44864    779
44489    782
44287    784
44243    791
44815    792
44260    792
45037    804
45120    805
44924    808
45024    826
44530    828
44698    831
44785    838
44858    842
44837    850
44829    854
45146    871
Name: pdays, dtype: int64
==================================================
First 30 Sorted of 'previous'
0        0
24809    0
24810    0
24811    0
24812    0
24813    0
24814    0
24808    0
24815    0
24817    0
24818    0
24819    0
24820    0
24821    0
24822    0
24816    0
24823    0
24807    0
24805    0
24785    0
24788    0
24789    0
24790    0
24791    0
24792    0
24806    0
24793    0
24796    0
24797    0
24798    0
Name: previous, dtype: int64
==================================================
Last 30 Sorted of 'previous'
26939     25
38802     25
26657     26
40643     26
28191     27
30492     27
30597     27
27639     27
38068     27
43342     28
38851     28
30324     29
36120     29
28584     29
38172     29
36712     30
35566     30
43979     30
39141     32
44484     35
26668     37
42422     37
28498     38
37567     38
42611     40
44822     41
28886     51
44089     55
38326     58
29182    275
Name: previous, dtype: int64
==================================================
