Cluster  job
0        1      3785
         0      3161
         2      2669
1        1      7119
         2      4241
         0      2789
2        1      3831
         0      3800
         2      1894
3        1      4353
         0      3826
         2      3705
Name: job, dtype: int64
==================================================
Cluster  marital
0        1           9615
1        0          14149
2        1           5694
         0           3831
3        1          11884
Name: marital, dtype: int64
==================================================
Cluster  education
0        1            5220
         2            2460
         0            1935
1        1            7230
         2            5311
         0            1608
2        1            5403
         0            2310
         2            1812
3        1            5336
         2            3700
         0            2848
Name: education, dtype: int64
==================================================
Cluster  default
0        0           9484
         1            131
1        0          13866
         1            283
2        0           9330
         1            195
3        0          11680
         1            204
Name: default, dtype: int64
==================================================
Cluster  housing
0        1           9615
1        0           8002
         1           6147
2        1           9351
         0            174
3        0          11884
Name: housing, dtype: int64
==================================================
Cluster  loan
0        0        7652
         1        1963
1        0       12103
         1        2046
2        0        7981
         1        1544
3        0       10196
         1        1688
Name: loan, dtype: int64
==================================================
Cluster  contact
0        1           9615
1        1          12995
         0           1154
2        0           9525
3        1           9550
         0           2334
Name: contact, dtype: int64
==================================================
Cluster  month
0        4        2619
         6        2279
         10       1441
         3        1279
         7         705
         1         673
         0         275
         5         109
         9          85
         8          65
         2          62
         11         23
1        4        3020
         6        2516
         7        2104
         10       1431
         1        1226
         3        1186
         5        1079
         0         700
         9         310
         8         254
         2         230
         11         93
2        4        7191
         5        2171
         6          78
         9          23
         10         22
         8          15
         7          12
         0           5
         1           4
         2           2
         3           2
3        7        3414
         6        2016
         5        1980
         10       1074
         4         931
         1         745
         3         464
         0         422
         9         318
         8         240
         2         183
         11         97
Name: month, dtype: int64
==================================================
Cluster  poutcome
0        0            7291
         1            2071
         2             253
1        0           11504
         1            1974
         2             671
2        0            9501
         1              16
         2               8
3        0           10474
         1             832
         2             578
Name: poutcome, dtype: int64
==================================================
