Cluster  job
1        1      4230
         0      3991
         2      2301
2        1      6688
         2      4356
         0      3264
3        1      3080
         0      1969
         2      1709
4        1      5085
         0      4353
         2      4147
Name: job, dtype: int64
==================================================
Cluster  marital
1        1           6475
         0           4047
2        0          11559
         1           2749
3        1           4389
         0           2369
4        1          13585
Name: marital, dtype: int64
==================================================
Cluster  education
1        1            5617
         0            2781
         2            2124
2        1            6993
         2            5444
         0            1871
3        1            4007
         2            1653
         0            1098
4        1            6569
         2            4064
         0            2952
Name: education, dtype: int64
==================================================
Cluster  default
1        0          10333
         1            189
2        0          14130
         1            178
3        0           6472
         1            286
4        0          13423
         1            162
Name: default, dtype: int64
==================================================
Cluster  housing
1        1          7509
         0          3013
2        0          7757
         1          6551
3        1          4100
         0          2658
4        1          6958
         0          6627
Name: housing, dtype: int64
==================================================
Cluster  loan
1        0       10522
2        0       13825
         1         483
3        1        6758
4        0       13585
Name: loan, dtype: int64
==================================================
Cluster  contact
1        0          10522
2        1          13778
         0            530
3        1           4796
         0           1962
4        1          13585
Name: contact, dtype: int64
==================================================
Cluster  month
1        4        6554
         5        3677
         6         131
         8          40
         7          38
         10         31
         9          29
         1           8
         0           7
         2           3
         11          3
         3           1
2        4        3029
         7        2310
         6        2097
         10       1434
         3        1365
         1        1326
         5         754
         0         676
         9         458
         8         368
         2         343
         11        148
3        6        1974
         4        1883
         5         685
         10        683
         7         571
         1         361
         3         322
         0         203
         9          33
         8          20
         2          15
         11          8
4        7        3316
         6        2687
         4        2295
         10       1820
         3        1243
         1         953
         0         516
         5         223
         9         216
         8         146
         2         116
         11         54
Name: month, dtype: int64
==================================================
Cluster  poutcome
1        0           10493
         1              21
         2               8
2        0           11025
         1            2086
         2            1197
3        0            6004
         1             716
         2              38
4        0           11243
         1            2076
         2             266
Name: poutcome, dtype: int64
==================================================
